0.00471055324611
0.00471062228074
0.00477616708617
0.00475945653151
0.0047315767678
0.00468842006827
0.00464911474274
0.00464517733959
0.00468515971021
0.00479798629985
0.00468761028823
0.00463866025141
0.00470971009492
0.00468909665461
0.0046897471612
0.00475493621976
0.00467233196799
0.00467844935143
0.00465761401788
0.00477151640108
0.00472305862109
0.00465331736845
0.00471690742567
0.00472518823588
0.00475585943338
0.00466801945183
0.00473550176381
0.00474270698842
0.00466049436368
0.00471994948942
0.00466859322792
0.00475383043439
0.00461729971362
0.00472662900554
0.00461223818425
0.00468774926682
0.00472684190568
0.00464346135285
0.00466580673431
0.00466790433751
0.00477182652003
0.00464885579388
0.00471258848844
0.00474505340587
0.00473064627908
0.00474786509438
0.00467669861815
0.00469783560326
0.00466247508331
0.00469621259513
0.00468243956733
0.00466726772753
0.00473761454496
0.00467014649592
0.00472368708067
0.00472348826903
0.00464151120708
0.00474214385645
0.00465328103861
0.00471911547019
0.00471091996349
0.00464997335899
0.00485643669478
0.00475956419719
0.00470179245896
0.00475748327882
0.00459911873903
0.00471944699866
0.00468271687933
0.00473244086175
0.00475763841183
0.0046821357877
0.00459345401794
0.00468802015367
0.00478033265444
0.00471508324763
0.0046657243258
0.00469141323321
0.0047441125504
0.00475756298297
0.0046502838486
0.00465614263341
0.00467627141299
0.00470768608883
0.0047230715292
0.00480906999765
0.00471267614476
0.0046818914344
0.00470519423442
0.00470703493502
0.00472602221463
0.00474445349953
0.00469437062297
0.0047027121367
0.0046406845955
0.00473053460092
0.00466915371026
0.00464646268937
0.0046928537326
0.00474234172658
0.00470960151637
0.00476077985345
0.00463149162252
0.00466531279144
0.00474189600125
0.00462645530674
0.00471246552196
0.00476325300289
0.00472770662854
0.00470308945477
0.00463367377932
0.00470537500678
0.00467563260625
0.0046761001626
0.0046887379077
0.00477605532927
0.00470409033108
0.00469840993244
0.00467949661696
0.00472534044449
0.0047107066454
0.00470219102894
0.00463703916348
0.00476880645657
0.00471305661355
0.00478219113745
0.0046172180462
0.00468060671729
0.00470431080706
0.00472263181272
0.00475221773441
0.00475086130629
0.00473384309864
0.00469263457614
0.00479683095123
0.00464561849684
0.00472891941825
0.00474675073357
0.00471708280896
0.00473655396748
0.00470496609801
0.00465518009684
0.00475015174132
0.00467205506956
0.00466315348718
0.0046487605619
0.00467161440653
0.00474125423963
0.00475999101679
0.00471374715101
0.00465593789121
0.00463884356905
0.00472779695406
0.00464904540077
0.00475364563761
0.00472482012022
0.00463110333211
0.00464337912795
0.00468538834115
0.00477459335915
0.00472618058872
0.00473348926218
0.00475504861587
0.00463888154223
0.00469772956532
0.00464989283649
0.00462201848882
0.00474907546887
0.00462784879247
0.00469132665561
0.00481356266528
0.00465966102665
0.0046380615226
0.00471514654465
0.00467891537411
0.00458806303116
0.00476619882585
0.00467775177998
0.00471731086675
0.00474564568224
0.00474413652267
0.00464990850545
0.00471302902493
0.00473980827789
0.00468861169176
0.00469083858311
0.00463702348328
0.0046866151642
0.00464005880607
0.00471682436838
0.00465454292878
0.00470463872422
0.00470339946919
0.00480339654329
0.00466843388788
0.00480163979444
0.00475517053986
0.0047137615898
0.00471907659653
0.0046999571452
